-156.7487345833641 23.59089313995698
-156.8010032768226 23.57375856072417
-156.826435310287 23.52827982950932
-156.8264041755225 23.48647145486609
-156.7982711599027 23.44955833567855
-156.7675015557708 23.38687119549025
-156.7447847670435 23.3586006208601
-156.7301126399702 23.3168508469621
-156.736804317596 23.30213547243116
-156.7755571576398 23.28500916120752
-156.7755764099198 23.24452442829787
-156.7729320446246 23.20404325304975
-156.7355965269323 23.16475890137741
-156.7076239477492 23.13284256004316
-156.7249874828062 23.11201958321885
-156.7303612464115 23.08137143784198
-156.7357663131525 23.02865126184156
-156.7838182857027 22.97349736969189
-156.833209007684 22.90603186960145
-156.8478972571706 22.88148697775643
-156.8399226934074 22.86307701103465
-156.7919754037491 22.85325957765812
-156.77069312379 22.83607022625231
-156.7560950114541 22.80660376295847
-156.7029037006104 22.77955902049676
-156.6204207196031 22.77209709409643
-156.5817899520501 22.7916748772585
-156.56174002649 22.82723274323543
-156.5669488579155 22.87141810192576
-156.5935089240392 22.89478034850083
-156.6294126319034 22.91201406233551
-156.6919436864292 22.93785561329859
-156.7118650740948 22.97221659776151
-156.7064919290038 22.99919057789119
-156.6611349967886 23.02978844462218
-156.6105529373063 23.00886242599311
-156.5706290164062 22.99407309883752
-156.5439668371986 23.00382333234114
-156.5399075785543 23.02711120288758
-156.5491488244468 23.05900730286352
-156.5436913798328 23.10680615864075
-156.5036869548033 23.11284128939198
-156.4612244794036 23.05388203017503
-156.4520276878063 23.01462266959941
-156.4335388248921 22.96674677083068
-156.3990222941457 22.93597651324493
-156.3563031770531 22.9628097701792
-156.3309594086062 22.97129980003904
-156.3214870902782 23.00682814452309
-156.3266341934165 23.05099303534375
-156.3224213140413 23.10125002001181
-156.3196250967036 23.13066842569044
-156.2942284913374 23.1416117749331
-156.2341549452017 23.14628228680244
-156.2100551113892 23.15967405924224
-156.1832100481841 23.18409400514144
-156.1348479926407 23.22682705991032
-156.1306177632259 23.26117064439839
-156.1451717526057 23.28577822296002
-156.167897592997 23.28709831650715
-156.2080680211707 23.27621264500386
-156.2282381268674 23.25420358090357
-156.2670345873894 23.24330776718305
-156.2977431901046 23.24464418520009
-156.3216959142204 23.26190044539168
-156.3215809603691 23.28643484775548
-156.300129302832 23.30231459183485
-156.2866365249776 23.32803893265406
-156.3145907016261 23.3502234390989
-156.3733558808104 23.35777113844872
-156.4239911330292 23.39351468077518
-156.4653326171371 23.41940883284196
-156.5013496221272 23.44406156365215
-156.5414749555895 23.43924390838311
-156.5803028782393 23.41476914361504
-156.6298234646025 23.37926963241447
-156.6672761438718 23.354790791112
-156.6899312264146 23.41007617890832
-156.7233283337686 23.46172334450505
-156.730001492208 23.49860561462085
-156.7286441856258 23.54901904916704
-156.743374403348 23.58226817147384
