-158.50474152949 24.85033945894527
-158.5234559673943 24.81252153015179
-158.5009554800797 24.78257613969542
-158.4514950824389 24.79049354615706
-158.4016599647224 24.77081353687655
-158.3301505388364 24.77387237461297
-158.2835363151893 24.7867609438053
-158.2509147422444 24.81962912735596
-158.237597639956 24.85738051056126
-158.2214289494457 24.88763729436339
-158.1800079276002 24.87788448760768
-158.1522350000308 24.85548295395293
-158.1323699191067 24.79789943910943
-158.1316996256336 24.73271238848567
-158.101324845915 24.71789187129448
-158.0881248400125 24.77312908580586
-158.0720379848767 24.81588566571592
-158.0612724649211 24.84105620067591
-158.0308028685027 24.81867539600955
-158.0228426426792 24.85135670794439
-158.0175847915623 24.87901134632331
-157.9875194020049 24.90434187335435
-157.9734804809279 24.87177609658983
-157.9676670427866 24.83416261468414
-157.9456195462942 24.82928790009194
-157.9266530450233 24.86706447095253
-157.9187756060217 24.91736345406826
-157.8855120477203 24.88743079489613
-157.8522074900418 24.84746788634241
-157.8188873323916 24.80000443718399
-157.8350291763026 24.74473925780135
-157.8871310645435 24.72936906829483
-157.9419384939873 24.71146410799678
-157.9554104792082 24.6788153948311
-157.9548264876547 24.60623099898552
-157.9512034457275 24.49624091254836
-157.9071807527373 24.47154735583724
-157.8440665816933 24.45445888707468
-157.786706782658 24.47979567583486
-157.7318675584713 24.47262536612864
-157.6907676800126 24.47286153725187
-157.6774085186799 24.54292251579038
-157.6468186556766 24.4506202325404
-157.6410474646515 24.38821598404127
-157.6408020901185 24.3357946182117
-157.689884449799 24.30309055646422
-157.7690414824092 24.27769522676446
-157.8371277639053 24.2398796353964
-157.8779497308066 24.2171870693496
-157.9328942311013 24.25672802386091
-157.9761645922098 24.20158542094473
-158.0115841929265 24.19136948412459
-158.0555951702774 24.22596537276717
-158.1293880300142 24.22791624293875
-158.1701741285618 24.20765877559411
-158.2327255773997 24.17973836433247
-158.3310067443096 24.1714373554474
-158.3607742494866 24.14624811597537
-158.4184144574456 24.16568587322295
-158.4862933924993 24.12765379087798
-158.5356830413945 24.13965341382155
-158.5659476820088 24.15182884616864
-158.6187067445404 24.20370433980412
-158.6372553229287 24.1610972185104
-158.6364305507118 24.10372746434193
-158.621838696089 24.03903363755679
-158.5829824242845 23.99704939138543
-158.4658903853633 24.0281230548865
-158.3839704770116 24.02888541547234
-158.4051312080529 23.97137350948167
-158.4924517019247 23.968048020622
-158.530077465136 23.92031514978632
-158.5862507591826 23.8299958164563
-158.5989363758469 23.75507801462676
-158.5924513276385 23.67288074254717
-158.5916566065745 23.60806231655116
-158.5666574388078 23.56844608396447
-158.4771627926307 23.60183922595028
-158.3847227785642 23.61276028306211
-158.2160627957705 23.61432017620719
-158.0909946920915 23.61534150921561
-158.0662229208385 23.58064834852781
-158.1039197214216 23.5404883370621
-158.163960551788 23.56741411182561
-158.250708376059 23.54174128947442
-158.3512606811427 23.53581290788437
-158.4599652528952 23.52473331325356
-158.5578427630697 23.51368017052672
-158.6904783001294 23.44221312837333
-158.6467704049447 23.43277538234694
-158.5327429299753 23.46157639756368
-158.4699451468611 23.44231710970003
-158.4393357986177 23.37777463132442
-158.4259300149322 23.39538483114394
-158.3768505329147 23.38092760955806
-158.3247592832427 23.33403223994711
-158.2812793134696 23.33196006106504
-158.2545740212429 23.37962420936592
-158.2359187603403 23.41720982243465
-158.2336976779574 23.46960109251898
-158.1958465644691 23.48987967753603
-158.1550948256582 23.49022365656429
-158.146311241682 23.4204832954606
-158.1484654978152 23.35810555738757
-158.2401044367987 23.28491983970151
-158.3074263472343 23.22683630805558
-158.3941871256991 23.2134488774348
-158.4645809069457 23.19017354284371
-158.5023395771396 23.16222936750009
-158.4290246179785 23.16557213969054
-158.439613827178 23.13794874175739
-158.4554882674853 23.09524198427144
-158.5123466024289 23.07704829567977
-158.5773476848524 23.05620704921172
-158.6149384633399 23.0106294542145
-158.5954939718447 22.96827785293455
-158.627333672891 22.890084121248
-158.5989612512026 22.76236001390989
-158.5422906757483 22.80082680090495
-158.5400617003952 22.85360491654469
-158.4963548874873 22.82402830277229
-158.4534616144513 22.88229837020901
-158.417222457215 22.77475864102535
-158.3809916141716 22.66200354078428
-158.351755521036 22.73026564662666
-158.3450494670519 22.89357090357083
-158.3698420678461 22.93593523631818
-158.3708158387231 23.04113033845919
-158.2816534874092 23.08209952245202
-158.3054290174776 23.01177695898265
-158.2164682603003 23.07271535719414
-158.2211853233136 22.99257494835392
-158.2533455348274 22.94968000554831
-158.2577009890645 22.82673839660992
-158.2357197110322 22.79180324225751
-158.1668168051777 22.97554017852688
-158.1190664827189 23.09859188956243
-158.0870994342364 23.16634650489442
-158.0332319063029 23.21173951429944
-158.0809395499433 23.07889003005253
-157.9276294021878 23.23494967390615
-157.9161973570026 23.16008037334189
-158.06402913954 23.00144769960688
-157.8727534417412 23.15285027627987
-157.8588934656638 23.11294132742191
-157.8910043348302 23.05771882428431
-157.9014786852866 23.01010498981748
-157.9359658858158 22.9146975614048
-157.8762044055397 22.89501249232279
-157.8472193993327 23.00291899822765
-157.7962756766152 23.07826786606399
-157.8146212520016 22.99307944045734
-157.7708111688622 22.93319103983071
-157.7115802061832 22.98857146425414
-157.7082762221686 22.90589626227578
-157.7269738148102 22.86819914144489
-157.7722142939077 22.75753409981579
-157.7580446652382 22.67462437606366
-157.6723917615998 22.81572183679193
-157.6182733234032 22.82845805519421
-157.6152410811157 22.78326803454827
-157.6122042750452 22.7380407588537
-157.5362120750659 22.72565909080917
-157.4854043843968 22.82878213992462
-157.4886708782273 22.91158570069378
-157.5652331062967 23.0016203430111
-157.6660960206081 23.0763685898034
-157.6912806535402 23.18877278381732
-157.7433850594708 23.26845857446191
-157.7307686187752 23.4082581314501
-157.6821414616403 23.4483887175941
-157.6224568618596 23.46360725221419
-157.6038435074564 23.53348763188764
-157.5847105561436 23.51611301482901
-157.554159916298 23.40400081516741
-157.5565863043209 23.35409048764316
-157.4860744524465 23.37926393073952
-157.4809854720951 23.4441439591988
-157.500325979091 23.50144726414466
-157.4351078431181 23.51659689997073
-157.3863339408176 23.56410014363223
-157.3812689698818 23.65386155468872
-157.3324288070559 23.7113130820449
-157.2479726423327 23.74638981133023
-157.1934630055378 23.78637683600036
-157.1853566687298 23.82628501095373
-157.12803720616 23.88123868773723
-157.1226142149206 23.91865798708736
-157.2046457163769 23.90354376225522
-157.2757849381325 23.93828259906271
-157.3468537085105 23.95054336689956
-157.4424021117412 23.94524090630163
-157.5055446691689 24.03470713000191
-157.4701174517967 24.05479118963595
-157.3716982245571 24.03770881291569
-157.2842919053155 24.07538907097946
-157.2377321741182 24.05058523470399
-157.1528771766581 24.05827916314518
-157.1035708679787 24.21812533782291
-157.1611951456531 24.28289002655613
-157.1199989233695 24.32298211959715
-157.1529510715649 24.35036093180007
-157.1529079919948 24.43034812998674
-157.2380862184089 24.54259066030941
-157.2435777504928 24.57260604421256
-157.1995643760847 24.55526830646817
-157.1747518901844 24.59793699425755
-157.2159959925306 24.66039718917555
-157.2131968724041 24.70553308789168
-157.1359268198916 24.73598881571512
-157.0089567069908 24.72398323128819
-156.9537278702033 24.71415998895556
-156.9065495810324 24.74699136052222
-156.9090248151526 24.80226574420536
-156.8757591244656 24.80743038835127
-156.8398917528968 24.78243133644865
-156.8346395197497 24.73470433925766
-156.7459370740113 24.73753141178769
-156.7234678189602 24.77532023465003
-156.7618232891787 24.84060007850493
-156.8282373227233 24.86801225176593
-156.9281219486045 24.8549971014285
-157.0112200782349 24.84707884381061
-157.0336141763773 24.78162915892605
-157.1192500949769 24.78375792023483
-157.1992779688619 24.79593752388993
-157.2296690574063 24.76566410787931
-157.2599740100848 24.79563849406032
-157.3040608878165 24.87076659058405
-157.3040050823012 24.9436977340602
-157.2707358220677 25.02194399626226
-157.4366111433576 25.03358035921388
-157.4586042342826 24.9378010860012
-157.5275405346343 24.92482739121403
-157.5660170438463 24.87935812795779
-157.5355394386442 24.81425380810391
-157.568392485112 24.75386001733103
-157.5682491807045 24.70873906538518
-157.5928922095137 24.68104098014586
-157.6535319658987 24.72579547365297
-157.7306298797755 24.75290824424287
-157.7719922003859 24.7752149505704
-157.7804864357417 24.81780782516121
-157.7559326603593 24.85560720648478
-157.8004929533201 24.9432676664069
-157.7484889740378 25.01152296295704
-157.7706928576865 25.03655520321094
-158.0630162220884 25.02455576986119
-158.0793197773952 24.99927352262662
-158.0680239467611 24.97167145175784
-158.0673260153905 24.89877269892787
-158.1444821990656 24.90326238076194
-158.2299873911907 24.91270772727003
-158.3204975070012 24.8793731012181
-158.3613523608758 24.84390619260252
-158.4360171837433 24.86343023599563
-158.4855570269631 24.85802328734602
