-156.6684308709813 23.99121780242284
-156.6952229929396 23.95917488500075
-156.6994280531071 23.93932275836679
-156.7437154905174 23.9393777617789
-156.7729682467664 23.93940874232285
-156.8231339565886 23.91348001285706
-156.8448743154574 23.88675790344881
-156.852404019406 23.84857070668614
-156.8482489024638 23.78899462752003
-156.8123447329479 23.77676567758179
-156.7881260031422 23.78286486357881
-156.7672410985772 23.79659788462663
-156.7539003272551 23.7820789984987
-156.7714575040573 23.75765248534655
-156.7881717500737 23.73780290194283
-156.7823614214 23.71030057661038
-156.7456645227537 23.69882187783461
-156.6364029135925 23.6994608048065
-156.5880258893801 23.70319285981322
-156.5513302220214 23.70311377768271
-156.4854354248223 23.70294418902768
-156.4737199223169 23.71513220639397
-156.4961420644003 23.75185713315941
-156.490243523229 23.77169718896441
-156.5009808008991 23.80990532960573
-156.4858893427886 23.83124609783834
-156.5066591331529 23.86565935583941
-156.4789543418069 23.90988050640666
-156.497238903792 23.93971072290777
-156.5373144536886 23.95125744222249
-156.5639868534174 23.97651939604602
-156.5865797589349 23.96510551917059
-156.6133573914666 23.94758820769884
-156.6467311982059 23.97285101140839
-156.6617501424587 23.98738823953465
