-156.0086666100347 24.08709740238244
-155.9794387119487 24.09426753003275
-155.9312695182985 24.07562451723064
-155.8941652500229 24.06163225206808
-155.8679691816916 24.07063740133725
-155.8547852065738 24.08706175835351
-155.827535686572 24.10247453485222
-155.8004099116963 24.10137240330192
-155.7844770153917 24.08291773414106
-155.7535411041561 24.05793982335189
-155.7355806371651 24.04405749102875
-155.7328472128049 24.01102938008332
-155.7591725431276 23.98370809662437
-155.8044118110494 23.9748468054404
-155.8263950357602 23.98782975713451
-155.8615387910067 23.98805449406743
-155.8797502262244 23.96982770712165
-155.9279307823533 23.97470228350902
-155.9691308488345 23.97493814480185
-156.0202199071552 24.00549418488536
-156.0229664526056 24.05138929508789
-156.0137266009823 24.08253821584477
