-156.3579435508088 17.23470273614609
-156.3449308104943 17.26487055629471
-156.3221824454348 17.28417992261835
-156.2888932396467 17.29494749219573
-156.2353397541428 17.30024318698534
-156.2263803777307 17.32886092377412
-156.2441862625084 17.37226932753504
-156.24821392797 17.41179070668968
-156.2376284899739 17.4528407616452
-156.2221937582313 17.45667157900343
-156.2059717982151 17.43724521079257
-156.1954562692283 17.40466973655355
-156.181693602325 17.38216930508895
-156.1663257057277 17.35502644635163
-156.1404102697565 17.33870109456667
-156.1160869466663 17.34173151906482
-156.0966098978632 17.3525122737236
-156.0933163568678 17.3749538527136
-156.075446701843 17.38961465017501
-156.0267318730915 17.415802666382
-155.9902166699598 17.42498875764466
-155.9400047045789 17.40857060242836
-155.918172086094 17.39378880251407
-155.820901630932 17.38728740098257
-155.7486997938651 17.38705186453038
-155.6748050715389 17.38912813261067
-155.6391678046541 17.37195826707463
-155.6344912637377 17.3409533117717
-155.6078985250851 17.30677232525306
-155.5649170625103 17.29188373807546
-155.5723495968597 17.27410106047669
-155.5936109403451 17.25251048398016
-155.6309951552088 17.2480237564523
-155.657916116704 17.22414303683734
-155.6677832297069 17.19942314966749
-155.6516521895793 17.18232935628342
-155.6168516006334 17.16514618873359
-155.5950450128061 17.14491899805606
-155.5952089797318 17.11395953958892
-155.5961601870414 17.08687340454469
-155.6108014966084 17.07998334867048
-155.6456923130393 17.07706480969528
-155.6634679304569 17.09030700021055
-155.6674203330605 17.11121687697094
-155.6827222861573 17.13217716321611
-155.7038366304743 17.12376210442494
-155.705632947393 17.0858634158494
-155.736415917598 17.08600241729669
-155.7783845570816 17.11866618228632
-155.8302054976978 17.1165509404518
-155.8729894716562 17.1445451427389
-155.9336403079676 17.15557558945359
-155.9602123934037 17.19354489498031
-156.0030788060876 17.20217965930575
-156.0419251960711 17.20383689106215
-156.1075589842325 17.17926585375093
-156.1974869493798 17.15858848852017
-156.2307158404271 17.15091758854767
-156.2517766808418 17.15559637550957
-156.2687792312663 17.16568233257399
-156.2500905217981 17.19349789011429
-156.2533001306296 17.21439212413471
-156.2703075851826 17.22757792032872
-156.3222335604571 17.22303159761097
-156.3530758105267 17.22772799447367
-156.3573124984614 17.23323666025789
